-1188950297150681293
-1188950297150682966
-1188950297150684228
-1188950297150677891
-1188950297150679631
-1188950297150684271
-1188950297150679243
-1188950297150680359
-1188950297150679643
-1188950297150677004
-1188950297150666053
-1188950297150679488
-1188950297150681439
-1188950297150680938
-1188950297150679578
-1188950297150680703
-1188950297150680550
-1188950297150665680
-1188950297150679730
-1188950297150681388
-1188950297150681351
-1188950297150679521
-1188950297150681536
-1188950297150684299
-1188950297150680252
-1188950297150679226
-1188950297150677115
-1188950297150677129
-1188950297150680650
-1188950297150680161
-1188950297150681556
-1188950297150681339
-1188950297150681244
-1188950297150666006
-1188950297150679368
-1188950297150679324
-1188950297150679602
-1188950297150666325
-1188950297150677922
-1188950297150679469
-1188950297150677092
-1188950297150679213
-1188950297150679742
-1188950297150680571
-1188950297150665685
-1188950297150666345
-1188950297150665609
-1188950297150679420
-1188950297150681460
-1188950297150666175
-1188950297150666071
-1188950297150677026
-1188950297150679590
-1188950297150666245
-1188950297150681308
-1188950297150665990
-1188950297150680821
-1188950297150680507
-1188950297150665964
-1188950297150679666
-1188950297150680225
-1188950297150679279
-1188950297150680629
-1188950297150680238
-1188950297150681282
-1188950297150666036
-1188950297150681510
-1188950297150680500
-1188950297150665633
-1188950297150684221
-1188950297150681302
-1188950297150681375
-1188950297150681490
-1188950297150680243
-1188950297150679206
-1188950297150666123
-1188950297150679251
-1188950297150665727
-1188950297150679597
-1188950297150679525
-1188950297150681393
-1188950297150679696
-1188950297150680670
-1188950297150679514
-1188950297150666333
-1188950297150665781
-1188950297150684276
-1188950297150679444
-1188950297150681571
-1188950297150681581
-1188950297150666143
-1188950297150665769
-1188950297150680184
-1188950297150679429
-1188950297150679735
-1188950297150666341
-1188950297150679617
-1188950297150680736
-1188950297150665974
-1188950297150680710
-1188950297150681424
-1188950297150681320
-1188950297150681378
-1188950297150679585
-1188950297150681576
-1188950297150681465
-1188950297150684266
-1188950297150680557
-1188950297150680308
-1188950297150680543
-1188950297150684246
-1188950297150682961
-1188950297150684172
-1188950297150679718
-1188950297150677031
-1188950297150680675
-1188950297150681527
-1188950297150677109
-1188950297150679493
-1188950297150681546
-1188950297150681328
-1188950297150680610
-1188950297150680213
-1188950297150679723
-1188950297150681429
-1188950297150679182
-1188950297150681444
-1188950297150680580
-1188950297150679638
-1188950297150679458
-1188950297150681541
-1188950297150684294
-1188950297150684261
-1188950297150681434
-1188950297150684251
-1188950297150665691
-1188950297150666303
-1188950297150680527
-1188950297150679582
-1188950297150681276
-1188950297150681505
-1188950297150680205
-1188950297150679690
-1188950297150679210
-1188950297150677076
-1188950297150684241
-1188950297150684256
-1188950297150684236
-1188950297150666253
-1188950297150680724
-1188950297150680220
-1188950297150679713
-1188950297150679564
-1188950297150665860
-1188950297150681357
-1188950297150680563
-1188950297150681561
-1188950297150679559
-1188950297150679415
-1188950297150680719
-1188950297150679483
-1188950297150680538
-1188950297150680142
-1188950297150681271
-1188950297150679437
-1188950297150666351
-1188950297150680600
-1188950297150665757
-1188950297150679771
-1188950297150680697
-1188950297150681256
-1188950297150679246
-1188950297150681476
-1188950297150680619
-1188950297150681405
-1188950297150681500
-1188950297150666329
-1188950297150677019
-1188950297150681400
-1188950297150679394
-1188950297150681262
-1188950297150680597
-1188950297150666273
-1188950297150681333
-1188950297150681362
-1188950297150666307
-1188950297150680154
-1188950297150684286
-1188950297150680187
